	PBS81	PBS82	PBS83	PBS84	PBS85	PBS86
Comamonadaceae	35781612	16442438	48200372	15270106	26370162	17034359
No_Rank	19133776	14147596	22919385	12335583	9718529	11853120
Rhodocyclaceae	18903825	8175515	29638728	11478395	8581530	8121944
67-14	27938	16846	46155	37900	47043	74697
Unassigned	6319972	6237871	9727329	5789461	4766852	3330243
Rhizobiaceae	1279809	1130622	2383168	393256	1200749	680743
Bdellovibrionaceae	1160457	553159	3382054	915222	1234622	795868
uncultured	2675843	1716269	4028273	2774125	2560646	1899997
Xanthobacteraceae	11800272	6100893	9665405	6587083	6229022	5422345
Solimonadaceae	28714	0	11888	0	4568	19359
Solirubrobacteraceae	0	16462	76925	24082	56177	44192
Pirellulaceae	5524127	4238817	7975724	2447720	2446229	3228114
Burkholderiaceae	372843	107170	151421	13948	76071	67011
Hyphomonadaceae	5397462	2303700	8271504	4159791	4112385	2468804
Chitinophagaceae	1264819	681904	3088932	1245013	1140930	812118
Hyphomicrobiaceae	6219654	3311487	7239922	2838533	2270405	2941961
Bacteriovoracaceae	715528	197550	1651095	472169	74904	421784
Nitrospiraceae	3264108	2220138	3874233	1893802	1753825	1353148
Syntrophomonadaceae	10649821	7702169	12158476	3487748	5363327	3009124
Saprospiraceae	3393938	2603205	6062636	1831638	1460187	1562695
Anaerolineaceae	6883139	10444064	6447733	3383665	3246560	4233881
Pseudomonadaceae	194669	414003	141607	152928	85100	94140
Desulfocapsaceae	17180717	5586611	8549759	3605249	2515098	6090489
Pedosphaeraceae	3661170	3133822	6484606	2140727	1707227	2230219
Caulobacteraceae	1117528	774693	2097961	3148835	1905025	2566679
Xanthomonadaceae	385582	300755	351192	84930	399081	213441
Flavobacteriaceae	48981	28086	95153	4774	24239	18513
Rhizobiales_Incertae_Sedis	2628750	1132629	2590607	944296	1421323	986745
Oxalobacteraceae	461155	455412	1111585	695989	311634	357875
Alcanivoracaceae	0	1564	0	3701	0	0
Microscillaceae	5715493	3924665	10889545	2747260	1346191	3681333
Rhodanobacteraceae	835242	674344	1362205	202489	553927	210924
Moraxellaceae	22498	3690	23310	13255	12834	4345
Opitutaceae	1099412	783245	2745998	921172	1094619	739150
Saccharimonadaceae	108648	77718	43358	55270	0	23074
Gemmatimonadaceae	823758	635803	902971	420660	568763	404569
Microbacteriaceae	27858	11505	23669	24345	14614	7295
Blastocatellaceae	631395	410727	1181375	439252	761357	494740
Holophagaceae	482213	1007674	404655	175547	234128	411208
Vicinamibacteraceae	1244062	863631	1147482	947785	660203	518828
Phycisphaeraceae	2319416	1843686	3050887	927909	910797	949455
Mycobacteriaceae	48074	67083	38370	31443	43247	33916
Beijerinckiaceae	1295115	1336949	728359	137277	417597	574467
Hydrogenedensaceae	594628	454699	1203852	566042	532430	269295
Nitrosomonadaceae	3414137	870498	2768131	607304	289224	910121
Anaerovoracaceae	616134	399665	935839	346631	362719	288154
Crocinitomicaceae	128516	106432	1043387	451008	95365	264216
cvE6	329413	523971	361564	157496	696750	96105
Rubinisphaeraceae	351555	202908	760162	180221	168302	260461
BSV26	1023407	1288922	1256858	550539	277581	889135
LWQ8	10865	0	125878	339124	15529	45757
Syntrophobacteraceae	2300243	6550151	2807072	275959	1324050	820294
Sphingomonadaceae	444429	136934	527138	382457	348926	229269
Myxococcaceae	895275	353825	1002179	573650	501248	438422
Thermoanaerobaculaceae	2313460	539307	3181571	1325801	1366630	178139
Nannocystaceae	360868	271826	586729	285039	455813	240126
env.OPS_17	316852	105905	2217137	289549	74724	201789
Parvibaculaceae	0	0	0	2764	0	0
A0839	514929	300060	643233	421442	211669	273560
SR-FBR-L83	670516	796707	846178	331622	509249	484943
Magnetospirillaceae	572732	739278	549666	1334979	508564	1126731
PHOS-HE36	2461664	2017995	749672	347020	179949	830270
Vermiphilaceae	685343	409594	906243	374778	217727	660556
Caldilineaceae	710091	656201	609107	593368	507194	730153
Micavibrionaceae	31515	14792	1485257	359522	395340	493718
Methylacidiphilaceae	2120678	726797	2741934	1836920	2292551	342938
Desulfovibrionaceae	554248	720885	912355	321144	638198	580225
Reyranellaceae	490973	177216	932056	290805	143822	512705
Haliangiaceae	79114	151243	43321	70944	69808	50228
Chthoniobacteraceae	731414	1045166	217566	232957	167618	678276
Rhodobacteraceae	78516	36945	188474	25838	63730	70678
Parachlamydiaceae	1041231	319596	1074559	214988	122586	214779
Verrucomicrobiaceae	546861	181855	638714	149627	242673	325378
Halomonadaceae	0	0	0	3322	0	0
Prolixibacteraceae	1149647	341715	761446	516329	263707	333204
Lentimicrobiaceae	640285	1357079	169175	652399	214279	511148
Spongiibacteraceae	249607	97920	258883	55422	106058	83106
Schlesneriaceae	480380	417685	730089	133242	206669	406530
WD2101_soil_group	544794	315467	367843	124753	159854	427453
Devosiaceae	107872	98392	203502	55073	96597	53384
Diplorickettsiaceae	143272	113883	124897	70842	116099	81194
SM2D12	412763	50899	137035	156075	44741	125080
JG30-KF-CM45	312963	158609	765560	299723	259026	224759
NS11-12_marine_group	33063	17331	107172	100332	39997	24414
A4b	538375	893140	541089	677902	205975	395963
AKYH767	308587	75917	695183	178589	58646	123458
Phaselicystidaceae	120253	222502	329914	116632	127515	120445
Fimbriimonadaceae	102070	64373	151053	99352	103183	41278
Simkaniaceae	165005	70686	276192	214105	132505	121101
Ignavibacteriaceae	367853	397014	665753	95934	96826	227218
Chromobacteriaceae	55696	25456	38379	5000	3073	7378
Sphingobacteriaceae	10147	0	19981	17449	4534	4829
Bryobacteraceae	381250	349025	304170	197396	394204	93404
Sporomusaceae	160232	255715	368768	199504	271273	228743
Polyangiaceae	964880	691970	284887	78576	36814	193767
Syntrophaceae	746570	555760	496518	89222	2111084	1945610
Dongiaceae	245753	97778	273668	146334	62419	107417
Rikenellaceae	343947	427023	112967	123342	81212	152731
Chitinimonadaceae	15521	12268	2238	8683	2192	6196
Ilumatobacteraceae	131155	52068	89513	113304	37907	47906
Rickettsiaceae	45697	28122	127135	49214	57879	71739
Legionellaceae	80809	50964	58272	194077	85491	179696
Leptospiraceae	455020	226508	261879	324309	203104	189062
Weeksellaceae	0	48239	15041	4146	14387	0
Atopobiaceae	87806	40254	89513	35869	45150	40449
NS9_marine_group	268177	430195	559870	159433	57565	62134
Paracaedibacteraceae	10188	0	74670	40817	35847	34690
Desulfobulbaceae	878499	839012	1476265	301421	495090	426869
UBA12409	110562	42131	21714	27400	105734	207328
Methylomonadaceae	137528	95284	55608	48607	174759	33703
Melioribacteraceae	302663	196784	1152480	47769	687373	156824
Bifidobacteriaceae	63814	55126	88114	31695	34711	27086
Lactobacillaceae	59469	47113	82458	33524	31879	27192
Steroidobacteraceae	311269	295560	250357	247927	26490	206492
Unknown_Family	279571	53969	256956	49542	45469	82600
Acanthopleuribacteraceae	60277	65791	0	17249	120611	82773
Omnitrophaceae	1294851	153139	220334	153410	88217	963958
Magnetococcaceae	1016363	667812	659773	147158	210956	94661
DEV007	361341	133436	299067	126410	96393	217872
Gemmataceae	172768	123459	337097	165807	91785	93646
Spirochaetaceae	242881	736066	426360	212673	434930	160988
Methylophilaceae	4656	0	0	0	0	0
Bacillaceae	72472	61176	21768	28061	27132	60734
Rhodospirillaceae	0	4441	49698	8617	5564	0
Alcaligenaceae	0	0	0	0	0	0
BSV40	107097	510336	39162	2764	32884	43019
Gaiellaceae	212640	90735	279728	46980	4567	109894
Acetobacteraceae	260067	162817	280519	24746	88536	115006
Parvularculaceae	150556	102221	173431	113699	165335	60618
Mitochondria	12048	23029	60671	63782	11688	76648
Desulfobaccaceae	943689	641653	539875	92775	219685	114197
37-13	113634	47462	408082	136671	105488	200564
Nocardiaceae	0	0	0	0	0	0
Holosporaceae	56644	30746	65317	59919	61438	68210
Zavarziniaceae	0	0	0	0	0	0
Gimesiaceae	223505	113514	295813	87841	48184	77434
Methylococcaceae	110834	173031	45455	13280	150097	0
Terrimicrobiaceae	147742	34599	302915	58902	251565	165635
Spirosomaceae	5232	0	0	0	0	0
Ferrovibrionaceae	20178	0	130074	227399	7764	41846
Sporichthyaceae	38925	27964	39460	12871	18183	11769
Sandaracinaceae	240563	131308	328681	79549	153110	119177
Caedibacteraceae	0	22155	35498	12825	0	23227
Sumerlaeaceae	103475	124994	251626	65077	54432	53573
Desulfomicrobiaceae	145900	89013	0	9080	265814	82323
Oligoflexaceae	42085	53538	112254	34663	50069	19280
Methyloligellaceae	79469	32408	14312	0	9560	18008
Christensenellaceae	156764	156556	56645	95539	85864	123371
Obscuribacteraceae	221124	187403	155829	328629	37956	116431
TRA3-20	52565	42880	58183	21898	11936	22213
Endomicrobiaceae	457252	192190	43358	32373	0	64920
Alteromonadaceae	12134	16219	33567	48236	1163	0
Puniceicoccaceae	36863	11486	4196	6909	119110	9777
Brocadiaceae	0	0	0	2764	0	0
Pyrinomonadaceae	13562	11894	23084	6899	6208	0
Coxiellaceae	20119	12791	19501	7307	31971	32918
Azospirillaceae	39451	43393	91611	15155	9378	19108
MSB-3C8	108436	55766	30016	38036	29405	35358
Geobacteraceae	52512	173319	12623	32922	35748	11295
Desulfarculaceae	99546	99170	178814	50640	283760	138260
SC-I-84	120443	31548	13427	6738	2923	25174
KD3-93	3214	20275	201106	12614	0	27306
Acidaminobacteraceae	3737	14392	0	7092	9388	5866
Desulfomonilaceae	341465	411177	163641	9870	63942	60227
Pleomorphomonadaceae	35374	42380	44886	36541	7223	0
Gallionellaceae	15933	12490	5128	2661	0	3442
Saccharospirillaceae	0	0	0	0	0	0
Z4MB62	25256	73794	86070	132103	46889	22271
Sulfuricellaceae	462638	34865	73475	13461	10231	266191
Hydrogenophilaceae	560730	107449	62800	4527	10383	51896
Enterobacteriaceae	11100	5413	13739	4729	2476	4313
Microtrichaceae	35699	66042	65037	27437	48869	10755
BIrii41	55403	30878	14863	12371	7343	21632
Aeromonadaceae	0	24029	0	1394	0	1579
Williamwhitmaniaceae	173822	82234	8920	33738	113949	9877
Cryomorphaceae	5051	0	37064	46980	0	57294
Roseiflexaceae	44650	8566	0	14157	17936	22703
Porticoccaceae	42534	22915	103218	32836	8783	29896
Ktedonobacteraceae	27495	10501	11189	0	0	12961
Desulfococcaceae	150659	38070	138304	7159	6543	214418
Defluviicoccaceae	25176	0	0	0	7187	8735
Koribacteraceae	66303	11894	8148	0	0	11341
Nocardioidaceae	0	7600	5762	4731	0	6230
Gracilibacteraceae	8910	12974	0	1828	8542	9561
Hungateiclostridiaceae	18625	2808	7926	0	14616	8994
Defferrisomataceae	5894	19223	0	0	11177	2310
AB1	5515	24084	218106	30790	10185	0
Acidobacteriaceae_(Subgroup_1)	34659	0	0	0	0	0
Chlamydiaceae	36327	58242	4464	3780	72396	0
Neisseriaceae	3791	0	25022	2264	1705	3442
Fusibacteraceae	0	0	0	0	0	1304
Micrococcaceae	0	7114	1418	0	0	0
Latescibacteraceae	39690	49299	0	2524	0	23572
Clostridiaceae	5994	8677	6254	3972	2181	9420
Desulfosarcinaceae	86091	110569	39535	2632	10353	4902
Sutterellaceae	0	0	30731	8785	0	16709
Isosphaeraceae	7144	6488	5559	8920	12994	5646
Rubritaleaceae	32077	12634	49419	1842	3045	11863
Silvanigrellaceae	0	0	7692	26451	3197	2151
Solibacteraceae	31646	0	14937	0	4434	0
Oleiphilaceae	4850	0	0	10020	4753	1316
Peptostreptococcaceae	15521	12175	7832	3079	7308	6258
Mycoplasmataceae	0	0	11888	0	4568	0
Methylomirabilaceae	0	0	0	0	0	0
PRD18C08	0	3846	40873	0	1460	16965
Desulfobacteraceae	25248	31739	17483	0	117431	13681
Halieaceae	27162	0	109792	0	0	0
Leeiaceae	0	0	0	0	0	0
Caloramatoraceae	0	3579	0	0	0	5044
Alicyclobacillaceae	1552	0	0	1795	2823	717
Marinilabiliaceae	11482	27053	29971	41090	2796	35217
Bacteroidetes_BD2-2	20986	53021	10345	4633	19923	22304
Lachnospiraceae	1693	2343	3625	969	2280	0
Vampirovibrionaceae	0	0	0	0	0	1964
Pelotomaculaceae	75129	147301	0	0	0	0
MSBL8	0	194672	0	5527	0	9972
B1-7BS	0	16641	13427	10528	10231	0
Bacteroidaceae	0	4864	2792	0	0	0
Izemoplasmataceae	55990	154538	0	0	0	0
27F-1492R	7791	0	0	0	0	4983
Ruminococcaceae	2069	2808	3730	0	1522	1890
Anaeromyxobacteraceae	8536	5168	0	0	0	782
Azospirillales_Incertae_Sedis	0	8231	0	14015	3882	0
A21b	0	0	0	3685	1218	0
Abditibacteriaceae	0	0	0	0	0	0
Sulfurimonadaceae	12934	13847	139048	0	0	0
M2PB4-65_termite_group	0	15178	0	4088	8918	3355
Fibrobacteraceae	6379	5594	0	0	0	0
Erysipelotrichaceae	4269	0	0	6214	0	0
Immundisolibacteraceae	0	0	0	0	1537	2350
Bacteroidetes_vadinHA17	20922	52590	17483	5153	5243	4390
AKAU3564_sediment_group	6208	30497	0	5007	0	0
Candidatus_Raymondbacteria	0	44578	19798	6850	52554	0
Rhodothermaceae	0	0	0	0	4567	0
Thermaceae	0	3355	12256	0	0	0
Kineosporiaceae	0	8281	5944	4935	7993	0
Oscillospiraceae	9312	0	5128	1316	0	1434
Tenderiaceae	0	0	11322	0	0	0
Prevotellaceae	0	0	0	1368	0	0
Symbiobacteraceae	0	1607	0	0	0	1352
Cellvibrionaceae	0	0	0	0	0	0
Micropepsaceae	0	0	0	0	0	0
Desulfatiglandaceae	10347	13681	7086	5580	11570	1460
Tepidisphaeraceae	9313	0	0	0	0	7039
Desulfitobacteriaceae	41526	3857	0	0	685	1509
Paenibacillaceae	2710	1200	0	0	1189	1787
Competibacteraceae	6592	0	15120	0	0	0
Desulforegulaceae	0	2246	0	0	0	0
Arcobacteraceae	0	0	0	0	0	0
Selenomonadaceae	3415	0	0	0	0	1955
Dehalococcoidaceae	0	0	23777	2764	0	0
Amb-16S-1323	0	0	0	0	0	0
KF-JG30-B3	0	0	0	0	3941	0
Nitrospinaceae	0	0	0	0	0	0
Armatimonadaceae	0	0	0	0	0	0
YM_S32_TM7_50_20	0	0	0	0	61201	0
Intrasporangiaceae	0	0	0	0	0	0
Rhodomicrobiaceae	0	0	0	0	0	0
Amoebophilaceae	0	9628	16138	0	0	0
LD-RB-34	41907	0	0	0	0	1564
Cytophagaceae	6016	5243	28190	6834	0	0
Fokiniaceae	0	0	13489	0	0	4963
Babeliaceae	0	0	0	0	2085	0
Xiphinematobacteraceae	0	3480	0	0	0	0
CPla-3_termite_group	0	0	0	0	0	0
Rs-E47_termite_group	0	42703	0	10862	0	0
Geothermobacteraceae	17850	0	12308	0	0	9190
Veillonellaceae	0	0	0	691	0	0
Shewanellaceae	0	0	0	0	0	0
Syntrophobotulaceae	0	0	0	5098	0	3876
Iamiaceae	0	4212	0	0	0	0
Lenti-02	4268	10145	0	1382	5024	2151
Enterococcaceae	0	0	0	0	0	0
Marinifilaceae	0	16538	9104	2920	0	2083
Staphylococcaceae	2916	0	0	0	0	0
Criblamydiaceae	0	0	0	0	0	0
vadinBE97	0	0	0	0	0	0
Fusobacteriaceae	0	0	0	0	0	0
Rubrobacteriaceae	0	0	0	0	0	0
Nostocaceae	0	0	0	0	0	0
UCG-010	2012	0	0	0	0	1014
Streptococcaceae	0	0	1557	0	0	0
Erwiniaceae	0	0	0	0	0	0
Pseudohongiellaceae	0	0	0	4146	0	0
Tannerellaceae	0	0	0	0	0	0
Paludibacteraceae	0	0	0	0	8378	0
Propionibacteriaceae	6681	0	0	0	0	0
Calditrichaceae	2835	15559	5109	0	4171	0
Herpetosiphonaceae	0	0	0	0	0	0
Muribaculaceae	0	0	0	0	0	0
Chitinibacteraceae	0	0	0	0	0	929
ADurb.Bin408	0	0	0	0	0	2083
Geminicoccaceae	0	4594	0	0	0	0
LF045	0	29544	0	0	0	0
Micromonosporaceae	8909	0	0	0	0	0
JG30-KF-AS9	2835	0	0	0	0	0
GZKB75	4253	2972	0	3245	0	0
Family_XI	0	0	0	0	0	0
GWF2-44-16	13466	0	3832	0	0	0
LiUU-11-161	0	0	5793	0	0	0
Francisellaceae	0	0	0	0	0	0
SB-5	5147	9739	0	0	0	0
GWC2-45-44	0	8423	11189	0	0	0
Syntrophorhabdaceae	3930	4362	0	0	0	0
Planococcaceae	0	0	0	0	0	1434
[Eubacterium]_coprostanoligenes_group	0	0	0	921	0	0
Streptomycetaceae	0	0	0	0	0	0
Kiritimatiellaceae	0	0	0	0	0	3214
Listeriaceae	0	0	0	0	1364	0
SM1B06	0	0	0	0	0	2184
Leptotrichiaceae	0	0	0	0	0	2500
Erysipelatoclostridiaceae	0	0	0	1024	0	0
Desulfurisporaceae	0	7060	4216	0	0	0
Akkermansiaceae	0	0	0	0	0	0
Heliobacteriaceae	0	0	0	0	0	2873
Chitinivibrionaceae	0	0	0	0	0	0
Pseudonocardiaceae	0	0	0	0	1766	0
Piscirickettsiaceae	0	0	0	0	0	0
AKYG1722	0	0	0	0	0	0
Chthonomonadaceae	0	0	0	1262	0	0
Peptococcaceae	0	3025	0	0	3834	0
Helicobacteraceae	0	0	0	0	0	0
Thermincolaceae	0	0	0	0	0	0
Oxobacteraceae	0	0	0	0	0	1018
B5-096	4961	6643	0	0	0	0
Procabacteriaceae	0	0	0	0	0	0
Corynebacteriaceae	0	0	0	0	0	0
Thermomicrobiaceae	0	0	0	0	0	0
Bacteroidales_RF16_group	0	0	0	0	0	0
Magnetospiraceae	0	0	0	0	0	0
Inquilinaceae	0	0	0	0	0	0
Anaplasmataceae	0	0	0	0	9135	0
Carnobacteriaceae	0	0	0	0	0	0
Butyricicoccaceae	0	0	0	0	0	0
Brevinemataceae	0	3616	0	0	3552	0
Exiguobacteraceae	0	0	0	0	0	0
Deferribacteraceae	0	0	0	0	0	0
Leptolyngbyaceae	0	0	0	1262	0	0
Chroococcidiopsaceae	0	0	0	0	0	0
Monoglobaceae	0	0	0	0	0	0
Acholeplasmataceae	5145	0	0	0	0	0
Coriobacteriaceae	0	0	0	0	0	0
Fodinicurvataceae	0	0	0	0	0	0
TG3	0	0	0	0	0	0
WX65	0	0	0	0	0	0
Eubacteriaceae	0	0	0	0	0	0
Desulfurivibrionaceae	0	5590	0	0	0	0
Sneathiellaceae	0	0	0	0	0	0
Waddliaceae	0	0	0	0	0	0
Thermoactinomycetaceae	0	0	0	592	0	0
Chloroflexaceae	0	0	0	0	0	0
Eggerthellaceae	0	0	0	0	0	0
Smithellaceae	0	0	0	0	0	0
Acidothermaceae	0	0	0	0	0	0
211ds20	0	0	0	0	0	0
WWH38	0	0	0	0	0	0
Frankiaceae	0	0	0	0	0	0
KI89A_clade	0	0	0	0	0	0
Aerococcaceae	0	0	0	0	0	0
Geodermatophilaceae	0	0	0	0	0	0
Dysgonomonadaceae	0	0	0	0	0	0
Ancalomicrobiaceae	0	0	0	0	0	0
Thermotaleaceae	0	0	0	0	0	0
Sedimentibacteraceae	0	0	0	0	0	0
Moduliflexaceae	0	0	0	0	0	0
Ethanoligenenaceae	0	0	0	0	0	0
Nakamurellaceae	0	0	0	0	0	0
Brevibacillaceae	0	0	0	0	0	0
Pasteurellaceae	0	0	0	0	0	0
Hymenobacteraceae	0	0	0	0	0	0
EF100-94H03	0	0	0	0	0	0
SG8-4	0	0	0	0	0	0
Acidaminococcaceae	0	0	0	0	0	0
Victivallaceae	0	0	0	0	0	0
Ika33	0	0	0	0	0	0
T34	0	0	0	0	0	0
Haloplasmataceae	0	0	0	0	0	0
Entotheonellaceae	0	0	0	0	0	0
Labraceae	0	0	0	0	0	0
Cyclobacteriaceae	0	0	0	0	0	0
p-2534-18B5_gut_group	0	0	0	0	0	0
Streptosporangiaceae	0	0	0	0	0	0
Actinomycetaceae	0	0	0	0	0	0
Leptospirillaceae	0	0	0	0	0	0
Elsteraceae	0	0	0	0	0	0
Eel-36e1D6	0	0	0	0	0	0
Aneurinibacillaceae	0	0	0	0	0	0
OM182_clade	0	0	0	0	0	0
Amb-16S-1034	0	0	0	0	0	0
Yersiniaceae	0	0	0	0	0	0
B122	0	0	0	0	0	0
Vibrionaceae	0	0	0	0	0	0
Sulfurospirillaceae	0	0	0	0	0	0
FFCH9454	0	0	0	0	0	0
D05-2	0	0	0	0	0	0
Thermomonosporaceae	0	0	0	0	0	0
p-251-o5	0	0	0	0	0	0
Longimicrobiaceae	0	0	0	0	0	0
Vulgatibacteraceae	0	0	0	0	0	0
MWH-UniP1_aquatic_group	0	0	0	0	0	0
Cyanobacteriaceae	0	0	0	0	0	0
Kaistiaceae	0	0	0	0	0	0
Defluviitaleaceae	0	0	0	0	0	0
Catenulisporaceae	0	0	0	0	0	0
Clade_III	0	0	0	0	0	0
AKIW781	0	0	0	0	0	0
Halobacteroidaceae	0	0	0	0	0	0
F082	0	0	0	0	0	0
Barnesiellaceae	0	0	0	0	0	0
Coleofasciculaceae	0	0	0	0	0	0
Nodosilineaceae	0	0	0	0	0	0
URHD0088	0	0	0	0	0	0
Cyanobiaceae	0	0	0	0	0	0
S15A-MN91	0	0	0	0	0	0
Cellulomonadaceae	0	0	0	0	0	0
SRB2	0	0	0	0	0	0
Limnochordaceae	0	0	0	0	0	0
Demequinaceae	0	0	0	0	0	0
Acidithiobacillaceae	0	0	0	0	0	0
Family_III	0	0	0	0	0	0
MAT-CR-H6-H10	0	0	0	0	0	0
Dermabacteraceae	0	0	0	0	0	0
Proteiniboraceae	0	0	0	0	0	0
Desulfotomaculales_Incertae_Sedis	0	0	0	0	0	0
Cyanobacteriales_Incertae_Sedis	0	0	0	0	0	0
Campylobacteraceae	0	0	0	0	0	0
Syntrophotaleaceae	0	0	0	0	0	0
Sporolactobacillaceae	0	0	0	0	0	0
Caldicoprobacteraceae	0	0	0	0	0	0
Dietziaceae	0	0	0	0	0	0
Chromatiaceae	0	0	0	0	0	0
Thermicanaceae	0	0	0	0	0	0
gir-aah93h0	0	0	0	0	0	0
Succinivibrionaceae	0	0	0	0	0	0
Anaerofustaceae	0	0	0	0	0	0
Aquaspirillaceae	0	0	0	0	0	0
